population	median_age	dependency_ratio	pct_4family	schoolyr_avrg	pct_degree	pct_earner	pct_wmn_noincome	pct_incometwice	pct_belowminimum	pct_recepients	income	motorization	avgvehicle	avgabroad	village
6538.672338	24	86.41052228	18.13576494	10.77791271	14.61963565	55.6407834	47.79119677	3.523259548	44.92353727	3.242248411	2390.749163	24.42462608	1266.911243	1.276327841	ABU GHOSH
13045.159	25	82.82569727	17.1009772	10.8276609	14.25047292	55.85117307	48.68503654	4.898138364	49.25934271	3.917161914	2470.518345	29.33679377	1252.549258	1.345498638	ABU SINAN
12619.73533	33	84.51024489	5.874587459	13.90975379	50.82580841	71.2872984	17.82032135	26.80899731	32.18604109	0.538838559	6960.500846	50.34029046	1469.58637	9.917674579	EVEN YEHUDA
50596.68335	21	103.6191866	25.9746772	10.52674792	11.14710609	49.72579688	63.29909154	3.79012486	54.72097185	5.342247398	1790.54062	25.45703415	1258.094012	0.597956742	UMM ALFAHM
24897.42615	26	86.58339584	21.82528607	11.57375002	12.61000822	61.96408382	20.3981125	5.008134885	49.52146933	8.85116509	2731.387457	20.01563007	1279.335947	2.086370473	OFAQIM
35495.20741	31	72.08119989	7.911025145	11.58005083	16.477232	69.77845786	15.29762433	9.296956272	39.59883645	2.95071267	4089.166538	31.95530983	1303.225797	3.813188613	OR YEHUDA
16527.10017	33	72.33178547	8.961038961	11.54166052	16.45320348	68.34875631	14.96248924	6.15132963	40.44494472	7.320920407	3637.198544	29.41555317	1259.930711	3.417651361	OR AQIVA
7626.294326	29	78.00268889	9.857612267	13.80153189	45.32443861	76.49954623	13.67191422	24.93850998	31.20030336	0.38026332	6473.484354	49.62974108	1397.785172	7.649628942	ORANIT
11839.83927	33	68.03064625	7.326732673	12.04743955	22.8328318	70.94481127	14.54075186	12.59611328	33.8157228	1.858133333	4830.590585	40.93693392	1366.330095	5.471768347	AZOR
48121.61379	31	58.31919641	7.449772694	10.61895066	13.82855805	77.94059735	12.50545694	8.207351923	36.80977604	3.181522562	4577.048303	28.35298588	1325.759336	5.325263696	ELAT
13094.98483	22	95.92462023	22.59433962	11.23459965	16.53786458	55.48425942	57.62065942	6.182044507	47.18212666	3.459339633	2468.419305	30.15714462	1354.648134	0.873419423	IKSAL
7145.631328	20	104.232051	29.45389436	9.883604789	10.63716917	52.31584303	59.90917398	2.577004057	54.12287396	5.094021554	1813.136854	23.19148219	1293.711256	0.494644019	ALBATOF
8189.925961	16	151.9764805	45.61403509	8.937091238	7.364492881	43.46096023	74.55509274	3.141832535	50.22371885	4.224702416	1195.65427	15.84973957	1291.994735	0.291288071	ALKASUM
2169.417404	31	79.87148742	7.823129252	13.43608585	41.47229941	74.54947435	19.92730325	17.37939523	35.74660571	0.414857924	5261.155182	46.52565585	1419.135559	8.389015581	ALLONA
3363.899906	30	82.83524959	13.79310345	12.40193871	23.9142116	69.86627346	10.59296084	11.07025002	36.03686903	1.277975527	4131.920648	38.72921399	1254.32804	2.755176624	ELYAKHIN
42560.89389	12	176.3748627	58.3306937	12.34342629	9.896428543	63.72385731	21.37343669	5.365741518	48.25220662	1.037926806	1742.457586	11.86597932	1265.599722	1.151287393	ELAD
7582.963005	31	74.87007474	7.699711261	13.10867014	33.40983853	79.88053064	10.05763371	20.65998677	29.73806826	0.474748459	5943.89859	49.73378865	1356.829464	6.936156078	ALFE MENASHE
3870.9345	25	95.6872514	27.39463602	14.88021594	61.16194342	74.24123751	9.2762733	23.21759458	37.46250638	0.103334221	5583.179866	40.68847775	1343.115288	5.762330239	ELQANA
12185.514	25	85.55391914	18.43853821	10.47480688	14.7875665	56.73648773	48.82488155	3.70909457	47.96245937	4.767956444	2351.915836	30.34795567	1271.636134	1.407162783	IBILLIN
7911.939379	22	99.8502481	31.64155432	14.09469355	55.74304721	71.36446468	17.15955732	17.68743444	43.37457989	0.341256406	4572.384053	30.18084493	1348.193169	9.245954732	EFRAT
18091.06981	31	56.7588348	6.967572305	12.75891754	26.90307871	77.52253473	9.734978253	8.610240342	40.92335268	4.930609462	4488.627054	30.99107341	1288.476991	5.424869471	ARIEL
216113.2875	31	90.39269463	17.02565834	11.85425737	21.7208005	63.93742958	17.67330604	10.44003638	40.93498821	6.756996029	3661.876455	23.90498454	1340.550302	4.724870326	ASHDOD
11959.76771	30	84.03370285	15.37953795	12.97936713	33.96571545	58.89007238	23.63336547	14.71286697	35.47742528	0.760884343	3841.890832	32.12419593	1392.311737	6.3869597	ESHKOL
122970.703	33	77.90257465	10.25135221	11.7744401	23.91241623	64.99899601	17.09963644	8.98269545	43.31370408	8.363748965	3743.836637	29.34106788	1314.523861	4.116903414	ASHQELON
27054.89328	22	99.06235991	22.56612268	11.46621631	15.50808509	58.17809894	49.19705102	4.729077309	45.43447735	1.995942081	2459.326783	29.90170749	1286.770127	0.974580519	BAQA ALGHARBIYYE
21377.97538	29	85.78261609	10.5840708	13.16996016	34.0417008	69.80760664	15.91397106	17.79779758	36.05846288	0.444382587	5073.265547	45.21466558	1410.203612	5.603405386	BEER TOVIYYA
17057.44491	27	82.00567138	7.944814462	12.61110639	31.06654974	72.17244802	11.1058277	16.352894	29.81496025	1.090708849	4855.947531	37.00400803	1351.928371	4.138311427	BEER YAAQOV
198195.2288	33	75.74175888	14.81456439	12.07483542	25.08691504	65.21557651	15.95510881	10.86915991	41.43605812	7.567355545	4146.113374	26.61311652	1322.957559	4.011375288	BEER SHEVA
7243.788895	23	93.50710242	28.93023256	10.41937238	13.96045741	56.54062212	51.86401783	3.56023246	45.27454346	4.831725566	2455.469406	26.3987658	1293.57864	0.714411	BUSTAN EL-MARJ
8714.785678	22	96.10234258	25.33616419	10.48756455	14.03541487	55.17951672	56.12854457	4.061501103	54.73805638	4.348930817	2055.182043	24.50277213	1313.732927	0.779540643	BUEINENUJEIDAT
6169.887318	26	82.47738707	8.9	10.46714806	10.67388094	47.42297851	69.73064648	3.485584335	61.67533575	5.21889596	1710.692606	27.02635969	1352.410467	0.305416553	BUQATA
8295.379337	22	94.64350337	23.98286938	10.02554146	8.236322009	53.35147763	55.01882869	2.318287304	52.83801261	4.580863449	1978.592983	26.55410462	1212.205274	0.506316612	BIR ELMAKSUR
5899.177176	17	147.4919233	43.39839265	13.67286511	40.8629048	67.11689558	11.20040891	8.31765588	53.41236036	0.678060665	2680.002039	15.37554512	1247.041132	2.044418353	BET EL
4321.965144	28	77.976455	11.01973684	13.08699647	28.32935024	78.1971952	10.58248926	18.24727336	30.90979487	0.300789099	5486.127886	46.23191782	1320.386969	6.008253074	BET ARYE
11144.63004	26	76.63871324	10.09122007	11.19753336	14.88469862	57.99158246	42.45834474	6.848732543	57.51317557	2.970040268	2592.921727	26.91770642	1270.906624	0.879062462	BEIT JANN
7122.022303	32	77.94261348	8.123569794	12.22083092	24.39205567	69.69056663	13.40233531	15.77856336	34.89910596	1.347931752	4928.074298	39.50653807	1365.093438	4.842697706	BET DAGAN
17262.68153	29	75.79963438	15.32416503	11.68438297	13.43120181	68.7548522	17.26372072	5.690961438	43.93488792	4.427574625	3406.902927	25.89166522	1309.66911	1.747174962	BET SHEAN
94007.48063	16	142.3849949	45.74838758	11.7401155	15.78938095	56.99876547	32.57298346	7.374969781	47.55793972	3.128736049	2116.24215	12.86505757	1329.766005	3.854677074	BET SHEMESH
44926.58656	12	203.3850781	60.68442242	12.14264764	4.397625969	54.64918251	28.65592586	2.141003002	58.17796974	2.037376359	1160.490273	5.595566509	1298.826579	1.927725827	BETAR ILLIT
171567.1	19	132.412334	40.34465281	12.09178316	6.806138039	50.7796573	23.92377894	4.048737765	52.76019118	2.485049981	1787.238297	8.521405894	1316.917996	2.231170925	BENE BERAQ
6931.525034	38	74.84000067	9.090909091	11.80611307	24.11026662	70.09950465	11.68659492	7.00397772	37.08102018	9.564994669	4069.291743	32.96630628	1229.36504	4.711978384	BENE AYISH
7984.570631	27	98.81061512	16.02564103	14.03146242	51.30874414	66.13108677	13.68779016	21.49460356	33.67656491	0.288055564	4703.630755	30.99125117	1384.576562	6.447665246	BENE SHIMON
14038.72944	30	87.57029874	8.26019618	14.16153975	55.61154804	72.81655978	16.79844977	27.00987459	32.43141985	1.054226457	6521.587969	42.3869814	1392.654386	8.059629761	BINYAMINAGIVAT ADA
8486.679907	21	105.7580175	31.30372493	10.92548375	14.91224745	55.55003469	56.64959928	3.629931271	47.94340941	3.805964211	2049.960984	25.93566464	1247.506121	0.668695012	BASMA
7194.526007	23	91.66382137	23.66482505	10.19315654	8.867158525	57.50207882	46.19364136	2.62458257	48.75577043	3.196874955	2243.449377	27.04985348	1274.490859	0.791582707	BASMAT TABUN
7664.02809	22	95.33124085	30.18549747	10.43837983	11.59235388	54.36124475	47.70786249	2.827740982	57.36805793	3.757815037	1867.442014	27.23893048	1252.990976	0.721514083	BINE
7292.860975	33	86.01023889	7.631874299	14.09719865	53.59878389	69.03759455	15.60685602	25.44078245	30.25342115	0.178256517	5885.990515	45.24501844	1418.005705	7.769456075	BRENNER
128561.4753	39	74.24893585	6.296851574	10.74144993	18.73512067	63.90879247	16.42651052	6.153100499	39.42566282	7.772917866	3693.261592	25.52661693	1272.837405	5.199636536	BAT YAM
19552.42504	23	91.40310688	17.69575716	10.54688387	11.64316346	52.63739369	55.68430667	3.422570975	51.86427915	5.446894685	2053.171418	26.49701059	1223.627648	1.004279327	JUDEIDEMAKER
5975.405785	27	71.96493246	7.798165138	11.35608647	17.12972494	56.49355724	42.33515089	8.03394789	49.72076594	2.593966093	2909.380332	32.11075872	1275.921026	1.4412772	JULIS
9006.774348	21	106.0766887	26.94736842	10.02031275	11.71990443	54.59828764	46.1443753	2.625899503	55.65447818	1.665413101	1834.99827	29.73758072	1295.922361	0.922684872	JALJULYE
13429.29599	20	104.6175859	35.83078491	8.422003829	2.49248186	65.74151064	36.7202253	0.609162449	53.66180883	1.898833715	1943.512175	15.72255402	1175.310871	0.170192721	JISR AZZARQA
2991.572791	31	81.49755452	9.307875895	12.08507983	28.28366702	63.42704733	21.00282951	8.98935334	38.78294467	2.774460319	3735.926239	38.74681622	1373.010382	2.488169445	JISH
10709.37654	23	89.64496962	22.86501377	12.43497363	28.01346945	60.8085956	38.60965368	6.10007941	42.43700537	1.466005041	2862.096696	31.30711533	1259.317282	1.163077406	JATT
14349.01065	25	89.2449565	21.09016811	12.8231443	25.12703796	70.96015523	14.26341129	12.6120376	39.51177986	1.038465265	4062.319735	33.59904226	1353.915241	5.218895479	GIVAT ZEEV
24084.29404	29	90.1174854	17.62945226	14.18725728	55.92142637	71.46429793	12.5859061	25.50371049	31.17774617	1.13767088	6103.936405	38.95142413	1392.419569	7.161316638	GIVAT SHEMUEL
55928.01125	36	72.56111615	2.331924178	13.66281232	52.09655253	68.48938709	13.41336651	23.76760756	28.53787563	1.094263834	6565.900774	41.59656981	1383.198359	8.528996296	GIVATAYIM
24813.56271	28	98.23970915	11.2401975	13.32134074	39.63013745	70.43464861	13.02712566	20.47000805	33.55799918	1.862893007	4994.698885	38.32752706	1348.099362	5.150101146	GEDERA
4942.823488	33	92.01464604	7.441860465	14.28691702	54.34326843	68.79817744	16.79318918	28.44847994	32.02795255	0.283238923	6823.873747	52.89104844	1503.021059	10.47179774	GEDEROT
14027.03031	24	84.54889402	19.70684039	13.32766541	36.6918556	76.63914355	13.0787112	10.78928966	44.51095301	0.370712823	3921.793878	37.21764661	1323.845629	5.334129743	GOLAN
20087.07876	19	114.9355929	37.03976436	13.91805091	47.47895581	74.05887312	12.89600087	13.0230763	41.35866714	0.547730947	3583.756636	26.40268463	1281.495761	5.044534083	GUSH EZYON
24356.08551	29	82.22705739	11.18480555	13.54978447	42.8800418	70.18317536	15.68101022	22.41923722	32.86005476	0.299719756	5669.60503	45.33821032	1398.635465	6.733256309	GEZER
21094.84522	28	81.55009261	12.64836795	12.95218996	30.85758383	73.85029558	12.25810505	19.64350216	33.58073603	1.104535243	5263.324507	41.36824982	1353.41525	5.347233002	GAN YAVNE
5337.53858	32	87.32164197	5.203938115	13.78486663	46.11195083	71.96910939	14.60174439	22.05394468	34.23273576	0.149881821	6264.115384	52.79913987	1473.716614	9.643800397	GAN RAWE
14959.13733	33	82.28767248	9.270833333	13.80420427	47.46580509	70.39133847	14.57178457	26.82302641	29.98775419	0.956298459	6498.960448	43.4356058	1412.290117	7.96827756	GANNE TIQWA
16248.16436	29	67.01909688	5.505142166	11.16088488	13.19239574	57.11411793	41.64412217	6.296980058	45.98716154	3.138816106	2894.833243	35.08610503	1339.449226	1.476598678	DALIYAT ALKARMEL
9551.298486	23	93.41865757	20.19933555	11.71762805	19.55974556	55.84014129	46.14787138	5.17270239	46.8412832	3.214222657	2387.525593	28.12219098	1335.992734	1.214422607	DABURIYYA
11302.63476	22	96.78977106	27.05627706	11.0587303	16.6437464	58.72680648	42.49891289	4.643423764	47.12326397	2.379976047	2403.526712	26.52282925	1329.954696	1.132659337	DEIR ALASAD
9526.281149	24	86.34720118	14.27640156	11.13509239	16.94096472	58.28615763	43.55962772	4.075555818	50.94522646	5.416594282	2384.166036	28.36878716	1262.129739	1.422929798	DEIR HANNA
32936.91874	31	77.90062185	17.2902997	11.44540657	13.32616434	61.74966514	22.29383162	12.3686291	42.10252233	9.411333809	3952.394399	21.89637286	1383.998291	2.877326134	DIMONA
29070.37448	32	82.00281339	6.888544892	13.69810387	46.86201077	73.22899516	15.1292239	24.36877404	31.33513568	0.1824418	6515.697988	49.19011973	1452.965619	9.134618009	DEROM HASHARON
27065.46089	27	95.30609932	17.51287712	12.05380004	25.32569649	61.37620245	32.17081018	11.24038188	38.66829732	2.046889216	3464.061385	33.44079318	1332.031757	3.4730321	HAGILBOA
16706.11452	33	82.03338724	5.962343096	12.70196797	36.77248281	62.71666125	18.42587599	12.07814367	41.15650623	0.754214871	3803.082376	34.30069602	1279.535429	6.703248901	HAGALIL HAELYON
10933.95515	25	94.43886655	20.74186223	13.62249477	40.73439101	69.10144384	14.56368961	15.93691588	39.48944429	0.356687031	4437.776845	37.29445484	1400.148072	4.772671456	HAGALIL HATAHTON
52133.66121	34	77.86868636	5.059772032	13.78602961	49.28113492	72.46373266	14.562963	25.57900186	32.74427473	1.170069368	6895.458242	47.27099647	1428.412257	9.376554662	HOD HASHARON
2963.596984	30	82.12995352	17.8313253	12.72015544	34.07809772	67.15702518	18.07599666	11.99452833	39.66816293	0.168713898	3751.637379	50.48609298	1563.73691	7.818967771	HAARAVA HATIKHONA
3757.347857	30	92.47447746	12.93532338	14.53044294	57.91533215	72.86728981	11.93509046	33.02726227	27.67529273	0.239530657	8168.6763	51.63758349	1528.231993	12.84969156	HAR ADAR
6935.880598	18	122.5234478	37.31808732	13.87083464	41.92966245	78.53831814	7.890349163	9.808188694	47.52149121	0.288355598	3179.311198	24.6770421	1258.322677	2.319550476	HAR HEVRON
89487.45399	37	73.97261115	4.807692308	13.03284018	41.96666716	67.1473052	17.41630772	20.99783891	33.79026263	1.63294547	6245.223179	47.43447038	1467.303514	10.80716367	HERZLIYYA
12057.02971	27	88.80345874	16.66666667	12.30460158	36.6733036	57.39809676	31.07760432	17.32102434	42.42180596	1.741722506	4117.206843	32.35592251	1363.726033	6.129171188	ZEVULUN
21233.0739	30	86.07373988	13.65313653	14.0209757	51.45203421	67.40390834	18.01499799	26.41202834	35.6161341	0.823287585	6534.545497	41.44261588	1442.457961	9.908462884	ZIKHRON YAAQOV
6286.97856	24	90.89250189	21.90580504	11.20178979	16.11771633	60.63622969	42.29867566	4.62838071	45.00654328	2.369977861	2622.088557	32.30006799	1273.36153	1.026859281	ZEMER
7061.499489	21	99.05739728	26.41996558	10.40258889	9.310533282	53.15564214	50.84034813	2.281472091	49.90631777	3.342066375	1908.562782	26.56151339	1236.115848	0.518385664	ZARZIR
3495.153236	28	69.86843623	9.090909091	12.74133287	35.63572798	50.89270781	35.29193646	12.27314975	40.73386289	0.028611049	3034.911869	17.54361638	1338.43996	7.395230026	HEVEL ELOT
6232.256877	21	117.4436772	29.81455064	13.77334098	46.76283179	61.56199156	20.62416566	13.54225544	51.99943861	0.112318862	3346.871616	25.81920237	1363.693148	3.59543545	HEVEL YAVNE
22415.46311	27	91.82617392	14.70019342	13.28033285	39.27665075	71.48793735	15.37726777	20.24315998	36.30134722	0.298952277	5328.826319	42.77068925	1411.597429	6.463153657	HEVEL MODIIN
84772.95239	34	74.99154302	8.701215611	12.00641628	23.34538047	68.35105956	13.73198593	10.80098835	38.60785685	5.421988529	4264.528955	33.43643423	1304.282933	4.291641195	HADERA
186193.2285	36	76.74365074	6.790513501	12.13219047	26.06942026	68.367524	14.00694039	12.45775757	35.02365229	3.64342334	4652.986949	34.56054109	1335.806675	5.145855129	HOLON
14980.8482	28	85.7939885	16.52937946	13.05109408	35.39259905	69.26723268	14.56662163	16.12239049	36.03823713	0.807697925	4553.645025	40.37801103	1364.952458	4.733612269	HOF ASHQELON
27423.78509	32	83.5459722	8.184942206	13.44528782	43.92026665	65.42510106	21.07403521	20.81873246	36.34334163	0.608960431	5477.193692	44.09711282	1490.836322	9.727832319	HOF HAKARMEL
12016.81495	34	88.86993373	5.198180637	13.78289392	50.55492963	64.11618633	23.12333134	23.39458093	34.34467992	0.183076798	6116.802595	48.35588265	1565.1934	12.79841457	HOF HASHARON
18271.22481	14	183.1594713	55.31400966	9.820402881	11.61225371	45.25626089	69.08133032	3.469067899	48.92395831	4.438673424	1291.057732	13.8261608	1332.393883	0.241637036	HURA
5873.912305	25	81.03448865	13.40314136	12.0156927	21.68996546	56.03457686	43.74261083	8.947020682	46.54070765	1.80458942	2849.764345	27.39770194	1290.226956	1.028428459	HURFEISH
271963.0487	38	78.28684315	6.812606738	12.5342947	38.21997116	62.03965478	16.35593231	16.54143424	38.85528787	6.065027437	4951.271738	34.92607963	1367.044353	7.042019391	HAIFA
8873.360985	27	85.29517437	20.41284404	11.88095198	12.97076413	64.0034773	18.1609002	5.054578817	46.70991705	4.048895567	2961.725256	26.17420456	1277.007054	1.851882012	HAZOR HAGELILIT
41154.15104	31	80.26678136	14.31287813	11.38976726	13.67000197	63.26598142	19.52586774	4.966853341	48.34436807	6.210095927	3033.289903	26.33751671	1330.502028	2.683534726	TIBERIAS
6028.900721	23	88.33709165	21.76278564	9.821377344	6.782799781	67.10693406	31.00409434	1.689247821	54.63491825	3.997411985	2385.162801	25.04142663	1253.463164	0.679470798	TUBAZANGARIYYE
12829.76283	22	96.33362664	24.96321726	11.21437287	17.07039692	54.95624909	55.53890777	3.95067212	51.96135602	3.63217938	2135.927454	26.35710926	1403.827231	0.775007464	TURAN
39513.19213	23	97.64644853	23.64700146	11.12685459	14.75704198	55.36081998	46.43225763	3.871160757	48.91235504	4.588341013	2216.492485	30.12545303	1281.182934	1.025278858	TAYIBE
23947.42021	25	84.04346959	15.13212796	11.21198472	17.71500101	61.08702603	38.12015284	4.236270663	47.53261824	2.551423054	2647.612009	33.59541203	1327.225893	1.527073957	TIRE
18590.04784	34	67.52856297	5.990415335	11.20248757	12.59944102	63.98222603	17.3591124	6.616271376	42.93287163	6.288702063	3570.263013	27.91607517	1284.660107	3.100917353	TIRAT KARMEL
30854.94584	23	90.46223987	18.26923077	10.84463205	12.96174827	54.59750359	50.75587073	2.765053666	51.09771613	5.331398111	2057.766872	28.72438535	1246.433691	0.872292268	TAMRA
6092.101273	24	84.15958129	17.2826087	11.51189208	17.13896218	58.68621902	42.65155371	6.751745665	45.21922137	1.986178407	2779.883528	26.52203625	1265.463839	0.941663758	YANUHJAT
3891.678647	22	113.7169074	30.98859316	12.1109166	15.87366767	60.25492208	32.1147588	7.426397696	54.94542489	3.015097616	2326.134573	26.49484692	1336.268026	3.803500696	YAVNEEL
36506.28492	31	67.32889903	9.16614939	12.25559667	23.64948325	72.34078332	14.66965828	12.77865596	37.90127416	3.132821372	4836.673246	36.85593095	1327.782456	4.810240484	YAVNE
28199.63505	35	75.79928987	6.342105263	12.93328856	33.07010757	70.90986631	13.04810266	19.31887773	32.98569797	1.507111703	5877.632911	43.40527015	1387.9629	6.841455042	YEHUD
7478.175426	31	95.60001107	10.59085842	13.73867712	48.63148613	69.81581608	14.84735827	21.61091997	32.84681629	0.347678391	5170.852919	39.14891355	1334.980275	6.482638719	YOAV
17674.22355	24	89.35842025	20.67683154	11.17010396	13.80655892	56.27251137	55.54947939	4.154424228	48.35611148	3.621092593	2324.678838	29.01131025	1316.768695	1.142876856	YAFI
20760.12683	32	81.80471394	6.296415886	13.1223162	38.98954047	73.92414479	11.41780243	18.64433839	32.40650122	3.8342733	5368.845628	36.43560951	1333.290247	5.550438538	YOQNEAM ILLIT
8752.275525	26	90.86987832	25.83454282	11.77101562	17.25495796	63.01742431	19.83271714	7.194755782	41.9530297	7.183230835	3280.177603	20.03920798	1322.959391	2.665706288	YEROHAM
827804.1246	23	108.8587591	30.190122	10.82770059	20.43330614	51.52783572	42.62315394	8.685030768	45.64352664	2.451633036	2494.843805	20.51203862	1292.518868	3.913408353	JERUSALEM
15427.79942	23	89.17148427	18.00251783	10.99558482	11.64456394	48.86604059	57.52663252	5.295775398	49.08934678	2.372340929	2122.558619	28.89117406	1298.55898	0.754969081	YIRKA
12801.66537	22	92.00197013	17.65375854	11.09271469	17.94493689	53.96210553	53.92627304	4.054680089	49.09348887	4.819685425	2169.84971	27.33930655	1243.208598	0.761260518	KABUL
3157.113465	25	86.57897001	20.11952191	11.73959991	24.65729053	59.81406528	39.01226639	5.081043602	45.6659609	7.886951253	2695.838299	31.66903718	1245.220697	1.426563607	KAOKAB ABU ALHIJA
9201.752692	32	64.99514605	6.362153344	14.55617957	57.94180936	74.7956149	12.14197993	30.14216716	34.73860359	0.347759835	8299.535264	54.40227179	1445.29961	12.78234097	KOKHAV YAIR
18076.25044	15	160.1058713	48.5136742	10.17457291	12.17570807	46.55063479	68.09255272	2.275004181	50.52504186	5.056358358	1284.161409	14.27360552	1262.288412	0.184026192	KUSEIFE
7867.727274	22	95.5509339	20.54054054	10.78730628	13.56439692	57.78007682	45.39845148	5.932716689	46.65730053	2.643711364	2647.117517	24.41551315	1274.292752	0.627667416	KISRASUMEI
4761.6078	21	98.8625621	31.11702128	10.37346024	11.8443532	58.04558546	45.91990347	2.917542367	50.63904585	3.33920824	2107.219693	27.28904117	1219.810712	0.600269209	KAABIYYE-TABBASH-HAJAJRE
3198.625615	19	119.1048701	30.90551181	11.05372229	18.44748765	59.58958198	44.25908305	5.403458381	47.28061143	1.281800527	2334.647462	27.27184931	1405.884548	0.981165338	KAFAR BARA
5610.404452	34	73.9750857	8.153846154	14.45841191	55.96842784	72.02866703	12.84357404	29.21350208	33.02852976	0.285184431	8399.064385	49.74126998	1422.12358	11.57484092	KEFAR WERADIM
9170.357033	28	73.3041407	10.36231884	11.80430272	24.96630167	59.40231062	36.56678874	5.385117245	48.52208737	4.231023924	2870.884708	35.21212424	1324.587727	2.547497946	KAFAR YASIF
20545.94325	30	77.74812326	9.052031361	12.91650609	34.05940912	73.12532334	15.58005538	18.95024457	32.46451073	1.328729456	5157.269721	41.88459714	1339.269502	5.130849051	KEFAR YONA
3117.480395	31	70.30405623	6.153846154	12.08720033	19.99916415	60.34167471	23.70428718	8.318978555	40.13861899	2.309557427	3516.217288	36.00728724	1223.140019	2.709960161	KAFAR KAMA
20352.3017	21	101.6532385	27.10191083	11.0429843	14.14839923	54.56094437	56.03752293	3.752568991	55.68281839	4.800439845	1920.060591	28.27062593	1342.618485	1.152593666	KAFAR KANNA
17714.24407	20	108.7695199	26.08989523	10.73310743	11.17720554	55.04403267	58.58754092	2.419389865	59.55476033	4.137912954	1755.208034	23.22261601	1297.084733	0.581304109	KAFAR MANDA
91311.63332	36	77.64130199	5.248041775	13.36500737	44.31623664	70.62694299	12.92329258	21.65860246	32.35775316	2.081881498	6219.673605	42.64268077	1361.76861	7.926509843	KEFAR SAVA
21035.70441	21	103.158529	23.76325088	10.91937781	12.89389309	60.36167827	43.4704862	3.236868542	51.48502278	1.521223125	2218.770306	27.0370018	1355.145756	1.15977778	KAFAR QASEM
17095.17881	24	87.0675845	20.29505582	11.88200828	20.84565883	63.53974415	38.15908153	5.997028244	44.13115383	1.71393352	2934.639173	33.93992891	1297.218206	1.404829865	KAFAR QARA
3399.695755	30	75.10749524	9.016393443	14.32442037	52.69720124	75.90806937	11.15648633	23.29612167	34.64467454	0.294143968	6479.297067	48.14650154	1452.615334	8.1540426	KEFAR TAVOR
44298.06135	36	72.71619295	7.147742818	12.455806	30.81585055	67.06440869	13.34224626	10.84435073	38.59859116	8.708208565	4286.08968	30.25269279	1303.467427	5.441267783	KARMIEL
22055.59531	32	91.17051244	9.102815979	13.52845282	44.08607328	69.76315459	15.31879319	22.497977	33.43373504	0.353651756	5753.476927	47.57813566	1427.696104	7.778784206	LEV HASHARON
6282.022456	31	72.5683231	10.60606061	15.4237548	65.19487657	71.45907115	10.87254442	36.09487872	29.57185581	0.254695046	9103.549508	49.6218922	1542.043351	11.05706407	LEHAVIM
71449.53735	29	89.22940434	18.53193518	10.81085784	15.75318617	64.02165003	24.64796592	6.277504284	40.94691431	6.058760756	3187.221134	25.40691713	1258.811455	3.210521901	LOD
9756.90355	28	97.02902255	18.46635368	12.81276031	30.44199545	69.3110957	15.06392269	13.45740536	36.14684809	0.951810859	4113.292621	39.79104998	1398.247899	3.502547522	LAKHISH
10823.80968	16	147.4470539	51.29251701	10.11986734	11.79776031	44.15869581	67.30163431	3.889429478	53.1159766	8.499779902	1334.438783	17.12431725	1304.129144	0.449158514	LAQYE
6705.566997	30	67.261522	9.489916963	13.05233555	30.44790645	78.44552137	10.49853258	13.25320119	39.40387854	0.268433676	5009.953362	48.20194602	1368.492468	5.151950038	MEVOOT HAHERMON
24499.05471	31	75.47744102	10.63063063	12.80532783	38.89461181	69.72058002	15.206176	21.90127772	34.97854351	1.336336241	6326.955348	43.88953647	1443.468653	8.91931265	MEVASSERET ZIYYON
14098.45261	22	94.56885295	21.46938776	10.74364746	10.59827193	59.4520824	44.48474771	2.830720768	51.60729506	3.667069105	2205.016111	26.71578004	1247.409108	1.146751343	MAJD ALKURUM
10339.56816	28	77.5642166	8.660933661	10.86230576	14.37654319	53.76273942	52.88217733	3.037029728	60.27189643	4.855135072	1920.484622	33.39380174	1362.524915	0.899894835	MAJDAL SHAMS
21122.4236	24	81.7430891	15.07840772	10.96457679	12.93184404	46.71032401	62.71644839	5.32001723	52.46995206	5.624354585	2062.08322	26.7621067	1282.503421	0.759329667	MUGHAR
24687.4277	31	83.61791433	11.88668224	11.73687746	18.26576357	63.72393025	15.7588585	6.490802969	43.05508667	7.30471184	3375.193556	25.51446707	1263.05601	3.589967058	MIGDAL HAEMEQ
10930.0362	34	87.57629137	8.389513109	13.35575629	44.02646392	55.35095312	25.91990343	18.44798637	35.34221723	0.393411323	4240.829624	32.01278902	1354.06254	7.309150398	MEGIDDO
85425.8335	27	90.35694628	11.96973171	14.22059476	55.21265941	75.40593827	12.35735109	28.87136685	28.40270732	0.578279403	6533.041136	40.76855997	1408.055807	8.68764508	MODIINMAKKABBIMREUT
60045.62561	11	195.0749434	59.13774725	12.21672254	3.618375533	49.27989466	26.29484503	2.111053853	60.08500939	2.08661889	1009.221635	4.899102172	1247.280714	1.232648671	MODIIN ILLIT
11186.6771	29	78.32682708	10.90534979	13.93961148	47.37900549	74.93700449	12.47100242	25.96363445	32.46492394	1.948746693	6472.030244	43.17063849	1374.189733	7.300908809	MAZKERET BATYA
3547.416637	27	65.01464574	8.884688091	10.68147242	12.06961994	64.44469842	38.88236148	4.102405313	49.27000097	4.03110248	2895.318563	29.95573763	1261.54762	1.472937366	MAZRAA
24758.4752	32	84.50473296	9.902710215	12.77026507	35.15460912	63.74011393	20.5525682	16.42211726	36.4127237	1.078418593	4374.196345	36.42360264	1327.674789	5.922690218	MATTE ASHER
54804.46855	18	125.2238728	38.57800388	13.69765178	41.27781766	75.15334431	14.33760758	13.53061823	43.02515525	0.703368784	3553.328366	25.43332698	1311.006079	3.949554865	 MATTE BINYAMIN
48864.39944	28	87.65883647	15.07636722	13.12855561	37.53602521	70.39759234	16.62583423	16.67719742	34.91528879	0.538987499	4816.4526	39.32928681	1361.830293	5.979245604	MATTE YEHUDA
6948.265486	30	82.98594531	16.14349776	14.9272917	58.59904269	72.90729744	9.004888002	32.18193804	29.52084754	0.259057459	7721.064338	46.49383539	1443.126735	8.349264892	METAR
17203.37598	28	91.88600693	13.09782609	13.30306756	40.29307236	65.91798554	21.69186313	16.40305194	37.25565165	0.621970944	4394.731681	38.41416191	1315.092565	5.924431998	MENASHE
3375.300938	26	85.12168947	12.45733788	10.63077176	10.75494148	53.81053893	57.6719858	3.680668344	62.56496936	5.421738783	1798.277282	31.63097829	1322.055939	0.620327069	MASADE
3002.77417	33	80.66479943	6.947890819	13.03442508	36.62365245	63.60401014	17.22612975	12.50177624	36.81997028	1.898244649	4119.678469	42.06756694	1297.858385	3.442123354	MIELYA
37070.25404	27	83.76274766	15.44336811	12.69225712	26.47279636	75.46302336	10.4179419	11.83214446	36.09585541	2.311983796	4533.740752	30.41658176	1318.699779	4.527298108	MAALE ADUMMIM
9486.743233	30	71.51664049	8.888888889	12.61087683	25.28690524	74.77254427	15.94067085	14.42536172	33.73015478	0.811658945	5023.447548	45.51503276	1355.764498	4.647681488	MAALE YOSEF
13651.51295	22	100.8868235	27.14016933	10.52816325	14.11311506	51.13491353	64.37041677	4.227257761	50.03918873	4.680799867	1970.6781	26.31716571	1303.512845	0.571975065	MaALE IRON
21110.51955	33	74.89469182	10.54937647	12.12417122	26.15400798	65.1507351	16.11621797	8.415364643	37.76033405	8.107698317	3814.168241	29.18105231	1265.094879	3.846766419	MAALOTTARSHIHA
4998.999231	25	89.52220031	22.51732102	11.99361825	20.93943817	63.64951171	22.29051909	6.932572028	51.88750955	6.281257218	2842.732737	21.66561486	1305.95981	3.257510148	MIZPE RAMON
13030.31203	25	90.0921666	21.81818182	12.29803916	21.85887469	70.08131216	19.82419337	9.036411881	42.73445882	1.258555363	3590.539084	36.03889465	1317.201112	2.600149953	MEROM HAGALIL
11935.85095	24	102.5523161	22.50174703	12.95836153	28.86882506	65.86779094	15.09019654	11.75933684	37.98568159	0.891179901	3570.96053	32.44859771	1350.2007	2.610558959	MERHAVIM
25183.6701	24	87.49312985	16.61248375	13.50966548	50.16342772	71.05865619	22.01943005	22.98567744	38.56612579	1.028444222	5329.047301	38.36626751	1335.533186	6.745692455	MISGAV
7594.093477	22	98.60828257	34.16738568	11.08310217	12.85578324	51.86348242	59.57538128	3.365005222	51.09258749	3.397377195	1973.924183	23.78568679	1456.116824	0.596988026	MESHHED
53277.53689	36	78.06300089	6.580679126	12.29850246	27.98318263	64.1307524	16.25167243	14.1942556	35.92908072	5.970621365	4550.988145	31.59650192	1350.410317	5.200353527	NAHARIYYA
6871.361341	16	153.539235	53.30396476	5.920962526	5.323068596	33.5353406	86.65545902	1.00026926	56.27800852	2.99795033	780.6794984	17.18445602	1303.235036	0.098128839	NEVE MIDBAR
7657.848929	17	137.5873777	53.74449339	13.80571344	43.83294084	65.49050917	16.15113896	14.5204389	41.69327557	0.194417749	3187.199783	25.46285605	1332.946877	2.886033561	NAHAL SOREQ
11695.09917	21	102.7681234	31.80076628	10.79538785	14.22248495	56.31033177	51.85515722	3.333394662	54.89480363	2.855897117	2002.770332	23.59012636	1203.480807	0.512482421	NAHEF
44299.44322	33	81.00110059	6.704524638	13.62815399	45.62643481	73.4596376	11.82604042	24.71639403	29.54437345	1.546321204	6300.919631	42.78204043	1389.650807	7.186623272	NES ZIYYONA
74246.78672	26	85.37142678	17.8105604	11.33557042	17.22708507	54.84602823	50.62999026	5.304493874	47.11838413	4.583363335	2566.20025	30.71516303	1369.35398	1.977272906	NAZARETH
40361.58878	39	74.8465444	5.227012591	11.87137675	26.52941366	62.04790043	16.14724459	6.338956247	40.25596597	12.69523861	3625.948871	28.96002779	1331.908709	4.581691473	NAZERAT ILLIT
23314.72328	36	64.54549464	3.101534443	12.89272719	34.8034808	70.65494774	11.50008113	15.46371893	36.60876796	5.618767096	5278.311959	38.73998962	1320.400669	6.441800165	NESHER
29455.70508	22	104.7907138	32.65588915	12.13732345	14.72785946	64.8139324	19.12097933	4.84085866	48.46949133	4.966755412	2572.726433	20.13274074	1340.07244	1.600604545	NETIVOT
195762.4065	34	82.99409718	11.25791357	11.9304033	27.29679604	65.11031594	16.72195516	11.44984814	39.40184251	5.298742579	4098.33183	30.00582119	1340.443871	5.979734017	NETANYA
3942.858699	24	78.13930861	12.39669421	10.91333732	14.85572624	57.7956173	40.63691528	5.31831214	51.79344222	1.749999309	2582.610365	25.72368156	1252.171811	0.585103668	SAJUR
3468.690064	39	94.57557304	10.23391813	14.30171978	59.51677969	58.90607155	30.76522685	36.27786936	28.17280422	0.201805289	9931.830166	69.10606882	2015.544864	23.62324471	SAVYON
28136.48077	24	87.82632256	16.54475043	11.59264386	19.7671049	56.26061512	49.14457103	4.883976883	50.60925372	5.611931403	2330.617232	30.92118153	1271.967854	1.251410375	SAKHNIN
2360.634526	22	93.5131788	21.73913043	9.956396579	14.98444531	58.17944609	60.15269583	5.804721759	46.19049091	3.431280832	2414.656922	20.57772927	1453.61695	0.380784416	GHAJAR
7265.595901	37	94.57827157	22.46941046	14.89719909	56.91033035	66.82679806	14.65625392	35.68277624	28.18837641	0.523012847	8485.050458	53.73593243	1570.387961	11.8539305	OMER
5248.898361	27	77.40673988	12.72229822	11.78692592	24.28970891	64.14990072	27.95901781	7.161705935	46.41456443	3.962736287	3309.72101	35.6432646	1313.53717	2.468937125	EILABUN
7292.350449	21	102.2551889	29.61608775	9.821789789	5.342609824	50.4968109	73.67152246	3.102744688	48.08228153	3.839639934	1908.885756	25.0493876	1502.094048	0.746235093	ILUT
12065.489	22	92.9950905	23.91418106	11.17457059	12.45442057	51.08222159	64.43753126	2.125927263	55.26033057	3.795950583	1788.604771	23.45824013	1254.231757	0.844902639	EIN MAHEL
46981.33394	32	75.37855528	9.005628518	11.33232532	16.52765384	60.20671446	26.24679745	6.089106392	44.86937513	9.410120211	3153.070518	25.24851492	1277.903278	2.887716141	AKKO
3115.131322	17	136.4560617	46.55172414	11.98599229	5.183320529	57.43945065	31.69575237	2.7703576	61.20792695	2.740182515	1573.293271	11.42072952	1159.18329	1.71621606	IMMANUEL
11968.82521	34	79.3859747	7.248416608	12.68164385	31.92593997	60.16590771	20.4928353	11.06725904	42.26302806	0.760308538	3665.427081	33.51639055	1345.680284	6.045500212	EMEQ HAYARDEN
11589.6539	29	87.53380308	16.75017895	12.86604965	32.41929865	63.72515142	16.47169384	10.16354385	40.03605372	0.647128902	3626.615504	30.6576421	1342.134728	4.060451587	EMEQ HAMAAYANOT
40106.36487	32	90.01458116	7.659819543	13.74628282	46.99349507	70.55299898	15.89258564	21.53346011	35.38381744	0.269283941	5654.512838	46.65115019	1415.459734	8.550984746	EMEQ HEFER
34757.17317	29	87.03605417	10.98617943	14.03330172	52.00346194	70.06459152	14.36150408	23.21136753	34.5306431	0.276201979	5800.453073	42.23741455	1401.612209	7.742042082	EMEQYIZREEL
14104.19861	23	109.0164695	28.55701312	12.86131945	25.07841644	66.89061503	17.06776402	13.59036847	38.49124874	0.39703432	3836.129367	31.80561953	1410.762035	6.551421187	EMEQ LOD
11552.52491	29	72.29065333	10.15801354	11.29760133	13.8915341	54.70897497	43.74516583	8.618353414	46.69099473	2.164029092	2922.115602	33.38207969	1295.087369	1.601303521	ISIFYA
42678.65272	33	73.72981799	9.669636229	11.87162796	19.89683194	66.47116362	15.84082347	7.740860836	42.91994485	7.087587184	3810.139821	28.92450949	1311.61429	3.490642944	AFULA
23037.50146	21	102.5632336	25.54744526	11.35458819	20.54599475	53.83785236	50.63816301	4.693114156	50.40344183	4.987520032	2107.296074	27.8653289	1286.236458	1.334165909	ARRABE
3921.19071	26	81.22643875	30.52064632	13.34134873	33.95865185	74.86001147	15.93389989	10.43164402	35.9999116	0.255024576	3993.6992	38.08141402	1364.954798	4.345649772	ARVOT HAYARDEN
24075.11124	33	83.55520249	26.65088757	11.20508884	20.10139265	63.32123648	15.24249498	8.429367646	42.71097777	9.78452494	3751.62029	21.53758485	1333.312925	5.170707172	ARAD
23331.79531	23	96.78694178	25.29239766	11.40325583	18.02225405	56.85107174	46.21346783	4.730369214	47.89533498	1.950128543	2331.055854	30.39137899	1252.651724	0.892824511	ARARA
14798.23596	14	178.5282176	55.83195135	9.08181557	7.884260122	39.65278994	77.87605236	4.088804323	46.97848892	6.304805534	1205.859515	14.21212027	1395.842494	0.408286538	ARARABANEGEV
11867.51169	24	87.50062257	18.71281774	10.17688615	8.89933221	60.2011341	49.10171631	2.310061891	51.0431043	2.502630776	2188.210277	24.57948126	1213.637919	0.875980207	FUREIDIS
2964.026207	32	68.90269481	5.896226415	12.09410493	25.93802758	60.93153027	25.54108645	7.735387618	41.39848453	3.373789333	3402.367863	37.31772195	1304.434895	2.155345899	FASSUTA
5494.698559	28	73.38018865	7.866507747	11.66249529	21.0979214	59.20899822	37.25976377	7.139185744	42.63008639	2.020129017	3146.130628	33.39173059	1275.12743	1.687441415	PEQIIN
34938.93361	33	78.35663581	8.630079598	12.86712362	34.71335786	70.9409786	14.74614562	15.27336746	35.75939228	2.9848805	4898.175811	39.99612726	1300.401602	5.477023324	PARDES HANNAKARKUR
5462.050284	31	53.91127294	6.791907514	13.66275871	41.31580084	75.02495147	12.39310942	21.79975274	36.48728138	0.238005865	6826.283794	52.56769771	1389.475812	9.138489093	PARDESIYYA
217950.6994	34	81.75042036	9.903348761	12.61909462	35.12747592	69.92158595	12.67875267	16.2086472	32.52563465	3.439751232	5110.877762	34.60377099	1336.67251	5.253962637	PETAH TIQWA
32876.18757	23	111.990142	30.58676654	11.484635	15.98945309	56.76421642	29.62744702	5.567841925	55.04152008	5.821698568	2258.104045	19.45641438	1268.036134	3.184487071	ZEFAT
4174.420081	19	122.8042647	39.80099502	14.1850579	48.24295202	77.56647588	11.98554853	13.03333312	41.89536869	1.316569025	3744.919819	28.010225	1296.950193	2.495751933	QEDUMIM
18560.91777	29	79.42581082	6.540247678	13.58642825	44.95588209	74.68489218	13.69413304	23.36378103	34.91462867	1.144666101	6217.870433	44.16815865	1390.887733	7.629378388	QADIMAZORAN
20645.23398	20	106.6210178	28.77182045	10.87390998	13.58662891	56.98957441	48.27277448	4.24807817	46.94396715	3.768424231	2266.646287	27.15882997	1268.757912	0.712488769	QALANSAWE
6736.39894	33	76.56953504	14.1216992	12.0521937	24.89948339	71.79668392	12.7969914	5.019109306	46.49009499	7.51143162	3399.749062	30.95960899	1257.437169	4.575955555	QAZRIN
35487.25788	35	83.39091272	4.610700304	13.97607792	52.07306947	70.05102261	13.37511245	27.43274619	27.88226532	1.445058523	6914.718802	44.34327545	1418.42796	8.443459645	QIRYAT ONO
7165.669146	21	120.3753062	32.45869776	12.18668887	25.59637538	69.26224307	13.63546014	3.664231485	54.17572387	4.120312504	2389.295904	14.92640792	1189.920413	2.27747136	QIRYAT ARBA
53227.88142	35	71.20932996	7.107512371	11.92897187	21.33664215	65.33830453	14.91724669	11.40434501	39.41830505	6.056698461	4220.229918	32.83049649	1337.520456	3.899988831	QIRYAT ATTA
38546.74961	38	72.65761112	4.016590264	12.37710729	29.07971419	65.34067601	13.82540845	13.7383496	36.04419029	5.585425547	4736.660107	35.33382744	1331.432905	5.347790603	QIRYAT BIALIK
49176.96716	30	79.13385042	13.7434555	11.490012	16.41156778	67.00537105	16.74490037	5.468396267	45.12777242	8.300167058	3279.95446	22.95265535	1290.478121	2.870195893	QIRYAT GAT
17277.02623	38	85.226577	5.782869613	13.95727859	51.01223642	65.23569612	14.99690909	23.60916297	35.93886629	1.199420357	6155.65495	46.4708227	1387.325394	8.576010265	QIRYAT TIVON
38526.48295	40	70.73616573	5.452586207	11.43779852	20.51431274	62.00902038	16.63597222	7.9689729	41.41191437	9.93861808	3788.054279	27.66509263	1283.059879	4.429800421	QIRYAT YAM
3702.451914	19	123.0889968	36.22920518	12.43363254	14.02543464	49.58529426	25.2524513	5.926989803	56.20960665	0.840765089	1756.738603	11.59525958	1310.79443	4.435364841	QIRYAT YEARIM
39228.18102	39	74.84637211	3.450400493	12.4212288	30.33377466	64.36078274	12.41049381	14.39281435	36.17053273	5.664295264	4811.362754	34.40070626	1332.59491	5.359002209	QIRYAT MOTZKIN
21226.40531	27	77.99813492	17.39130435	11.09491651	10.36101191	67.28840335	20.81808277	3.969024222	48.81723892	6.08798931	2877.750024	23.99258671	1259.501056	2.649845749	QIRYAT MALAKHI
10718.26064	31	69.75862492	10.89918256	11.85837676	17.15218697	71.50682439	13.20161112	8.233145531	40.7014106	3.554681239	4083.221542	36.24172477	1251.931171	3.397741902	QIRYAT EQRON
23094.00285	31	65.93099782	10.53984576	11.93951756	18.91314362	69.84937123	14.08262999	7.045782044	42.58720567	5.035939449	3826.042249	30.69897129	1276.937466	2.90621198	QIRYAT SHEMONA
6560.201793	25	76.53380316	23.41311134	13.29162791	35.15012647	73.01065712	13.51309913	10.51506181	43.17439698	1.631047388	4039.676158	32.08869341	1271.901999	4.353197696	QARNE SHOMERON
7309.054304	28	78.33416697	12.48923342	11.67584544	22.39517858	55.76122566	36.70484973	6.921188467	48.00253507	4.063453186	2838.457371	33.82649525	1279.238916	2.039705616	RAME
41182.93558	29	71.63841815	10.80052928	12.76359474	28.83372358	72.54298868	12.44957507	14.75125112	37.32364047	1.307463905	4993.251553	39.30649832	1323.729844	5.1571424	ROSHHAAYIN
2845.328743	33	73.68222292	10.83591331	13.13370658	34.82618742	73.61208872	16.4919748	14.68590737	45.05490136	1.265231657	4939.514324	45.68754082	1369.299195	7.233125061	ROSHPINNA
237406.1155	36	68.31683969	5.269339946	12.47508735	30.40668519	70.53446857	12.88462954	16.2347694	33.3093866	3.229137086	5455.38626	40.81469479	1376.730425	6.563220467	RISHONLEZIYYON
58645.42682	16	157.1806975	48.05337904	9.758472053	7.537140802	50.43912304	61.02734637	2.378040162	57.5364271	4.498219457	1373.129697	14.61571035	1337.481536	0.435117201	RAHAT
124794.9209	33	84.76115236	11.26524755	13.04531204	38.13212489	67.88438873	13.74420475	17.39714545	35.54252043	3.432838045	4972.629836	34.66194816	1332.624434	5.826104279	REHOVOT
17758.63266	23	87.60339745	22.24215247	10.86326485	10.24622974	53.01007201	61.41563276	3.690933477	50.44099704	3.130871677	2093.279961	27.80595765	1376.439843	0.997093147	REINE
10055.35771	18	133.9158876	42.5087108	12.3737233	6.49664092	57.44144431	21.2985565	3.683270041	58.65343632	2.229699241	1701.926855	12.99880058	1219.393776	0.970995878	REKHASIM
67889.42879	30	79.62252131	14.78781827	10.77579415	11.1803949	66.26844735	20.54339673	5.450734363	40.35885103	4.658594372	3332.72447	27.45848999	1267.099864	2.62215124	RAMLA
149296.2239	37	71.4979134	4.052718287	12.91088948	40.79087384	66.58594869	14.57939036	18.11532677	32.58116772	1.939058197	5655.503955	38.5270086	1382.150824	7.677909727	RAMATGAN
43759.06926	37	87.82268983	5.342540432	13.87268271	52.28994764	66.5492205	18.5007295	26.93268479	31.57694061	0.9167447	7129.638294	51.25502364	1571.298642	12.4184488	RAMATHASHARON
7348.359865	32	66.22275593	6.41025641	13.86469041	46.27183614	74.97725694	9.211181216	24.6884499	32.77388873	0.421862845	6637.770173	49.9385062	1390.825856	7.933469407	RAMATYISHAY
5660.654261	27	89.10220896	17.15481172	13.63359058	48.34264507	58.98729745	26.51516915	15.0260452	40.06134729	0.282652839	3495.842599	25.34880197	1332.486161	7.386754485	RAMATNEGEV
68550.05484	36	78.26147875	8.977212507	13.54208822	49.93111548	66.81310948	19.18407105	24.24448715	33.58550262	1.101384969	6505.671143	46.46515968	1454.213341	11.79640557	RAANNANA
5469.940411	22	103.2266441	22.59767687	10.69165248	12.38222836	60.87233087	39.59502849	3.703738133	44.05390735	3.76603737	2436.83661	27.29790275	1286.344787	1.199156584	SHIBLIUMMALGHANAM
8493.433879	15	168.3373861	51.78423237	7.807829721	6.911858359	45.13709191	62.38656212	2.068348798	50.320846	6.428495327	1228.270116	14.3281936	1261.311088	0.201561287	SEGEV-SHALOM
8866.771054	23	105.2773166	29.29292929	12.95196569	31.64759502	65.61601512	13.1567273	11.27002159	40.308174	0.564435762	3544.468192	30.57584262	1365.958359	2.009425155	SEDOT NEGEV
21867.5355	30	71.38332488	10.64453125	11.60121993	16.94485425	67.56263534	16.34371351	6.07708077	43.38707557	7.806092277	3476.28579	27.16979178	1298.657796	2.586263112	SEDEROT
19630.99028	26	78.19987848	8.606557377	14.39797789	55.7744412	75.29319414	11.51622571	32.74998724	30.70765698	0.203759461	7862.877847	46.48287856	1469.903512	9.868579539	SHOHAM
31401.87616	20	110.2710147	31.82322896	13.58911985	41.44561137	79.20405617	11.06533046	13.54038517	37.95138586	0.663993304	3951.94148	32.0958993	1297.458565	3.20652631	SHOMERON
6132.600158	32	73.58119062	6.638115632	11.91500937	16.83162849	72.04928661	14.57988937	8.56655064	39.57534649	5.218015063	4015.273057	33.8298752	1274.483861	3.464627545	SHELOMI
6381.195326	23	89.00418419	17.95366795	10.04403217	11.90442697	52.55481148	57.52910512	2.603345477	51.13596971	6.926601951	1984.803386	26.61155158	1233.798046	0.546602041	SHAAB
7051.484919	32	85.83921115	15.55555556	13.31513062	42.89340433	64.59092276	15.99386243	18.02148424	35.46903203	0.524712177	4550.45767	35.05575637	1301.872819	6.582268827	SHAAR HANEGEV
10148.24271	23	107.7918849	30.54074638	12.92091268	33.09191995	64.49727265	16.52555589	10.66443903	44.6232998	0.996396322	3367.11983	29.02362271	1304.483886	2.101541663	SHAFIR
38565.70629	25	83.7366999	15.9820504	10.34288192	12.95587194	55.1172439	50.33202905	5.059029249	47.51893257	4.763299254	2467.124851	31.12736341	1246.334929	1.618485294	SHEFARAM
417506.5597	35	57.85952733	5.599548651	12.68764901	42.96393707	67.95128466	17.36233052	19.00435276	32.86866941	2.736200713	6165.451043	38.33104992	1442.478954	11.00585602	TELAVIVYAFO
11397.03198	29	83.8422993	8.597560976	13.78672147	49.85490376	72.63282391	15.62984873	28.65654721	32.29581641	0.640517638	7132.226245	45.97508774	1449.619627	9.141280957	TELMOND
17529.13711	14	178.1763876	52.13543671	10.22048848	7.999123898	39.48348089	72.73498084	3.602385826	52.56711037	6.72594431	1132.383414	14.71523575	1260.52973	0.325113226	TELSHEVA